$ANSIBLE_VAULT;1.1;AES256
64626265333163396334313134396561383662316439373235626265666162316532663636663735
6134646161313731343063326261373834336130303235630a656333396437653066653661313033
39306435383832306430336530633361353838366662316165336433653535363230346338656433
6339346662393436660a663665303238333339386234663030396363363764363262663963316631
32616231313830303639643936353030646262373034653439613866393730663235396466356165
37363163323031383333353837333263346237326463376363333965303532336662636364663335
62373930353036373164326236343562383533306632633266643834376332366562326431323165
38326563373330313635623235353765393765383361323434363039386432623630326330653361
63636336623033653961366332336537396132383030363932303863643562656262626234636130
34306562623539653839303964323763376238336264633433346431376463653539353739616636
32626634376137306232373064363430303633646230363462353230633139326630626162333634
33346133393331363532626165663663383232356362633638353033396639643632323636333363
63653934363639623962313163623439313766633466383733663738353830313739393532353465
30383030623861666435303331346239653863623332346234323264613038656231363635613563
62656530633865336134636633383664353266356136653034623832373566353837623064333831
30656339316365373038336561333962666663653335373232663234393131333632643232386163
32306163393263336537333730636462643832623430656634666366383133656663356235323331
63326537613364656430393730623462363839646339613961373337316532663266356665376362
38376539343531633235393661646563306539336265326532393261666162343231353464366163
34376237303033666430656432306331353362653834353662623830326531333236303232373831
64336664363035613366316333353563663162353738333330313538636361353366653139333764
63636130623262323237343665656337303361306366623136376533626536636332653561383164
66643966336363366664633030366362666662623230653164363066623436306237313265373331
63653133633830636565643162653036643032653635303963633637623461366662323761623831
37303630633736323565313736656231353332623738386463653837366639643662616665623039
63623665643233393336323361633362636232633039316635393537346631373935336364386363
63653665653563356633396234346236336137343438393762643339623764383335613738623961
31363766386362343038323364333038643565666436363139336462343731643565633032383665
62623734613336666662366637316237666134643362376635343561306135616130656366373634
35623763333032383834353961313738303339303034376335626162653630373937633437663436
32386431323230643633646531643733333365623930346666373961383233343964633931376430
35393039323733663736353636336239356333633165626138353163343363356437393763646434
62343062386163373039616234346563376666363436343933386563643464343863336132366561
30333634333565376536356362666663373138323930306239373861633334333662376635653334
34393462616465323238343061616239383338323039656664653162333165383833626566333562
61356432323838636263306132356666666132643138323463356237366232333966306332326165
66306431623139393263313335363535353832366261646130646463396430643462663261366435
36636239646161393565656637373139656236333131613537636262663264333935613830326131
65376638653862353334326436653362376466316636653761356266326364616130356639303138
35333565306161633236383566396635653465646533643466316166343762386362343830663430
30623261376661303938653662336634613962313136383535313764353635333232616339643236
32623332616134393135633730643563343363373162343065616661623336643564366366383732
32326433353134366562363435383431626665666564346163373033346634623139363166313333
32346538633763396339313263613039303533333431366662343137366632353064656531393361
65646365396631653862306565643639616565303530353034663930646439306332653830623261
38623836363934333633656463333230623531313135343234623865663530393936313139643035
65613939306434643763336231386532623762626461643939383336323261306538646336346161
30353430663832383462653730643733313865303464663439346439663233643336343166666533
63366330373161363938313934376134623731353031333039646262336339613136353336663934
30346234626263616133363931306561643466376461373161383738303739666661613462303765
63313461636338616565626665323932393036643061396661323764643034303865633231616130
61653066386638616231363236373566623234313761336237663835353933623732623333373134
36393464343564386461383764656365376261373834343435356462646330333334633533653134
33303838373439623561393033336264373266326163343364373366336336343738373965376332
63313930373033383038633332646338316636646663633166303036643834653362383861346535
32643032666661363334333062333133366339623834373138303163363137653635653666323931
61333762376239626130353964623939343930616431396631656437316563313165306537306533
64356263356237306134396166633633643238613763326135326162323361346434393864383166
37363232643366306534636664663135633435623339383039626633653861393736636364396533
61623763356563626561663661633565386434643362633737363737323932396238333334653133
37376538303339333362316632363766343738363332663531316164303236343939376138656239
65313730666338393032663336306539353564363937383636333035343237313464303732336265
64626139383530666633343231363865333134653839303630333465323530303663353465646631
34336464333034356233656661333638663631383838376238396461656432306166333636393061
33383764383135313663393062363763343764313236353562373636336331306665336632303735
32626530313239656435383761643433636533653065336263323466616339613363396436636234
64663837326230353163643937396534646333306434623230323364353830643965303439356230
64303730316661616332363935336232623364636331333939653439613863323362653835326639
65353236383563346439306666656639343463653263306234373633303862303565616165306537
37336666306437613836313230363935623339303865663237636433356532623135643366393731
63663034353531663262323366373866353165616237366532666236303666656339353331383836
38646239366265323636383661623436383738363330396135323639363432326464333663373338
31663636393364313235656465323866316337313261336464376435616335626661626537613130
62313434333030323666336662393638656365613761383464323436626235376634333564333638
31376234663031393164613330353038316565656663623337386238306565663337353237356532
65373538616665333635376431333233313935373736366630383134386665313634663438633232
63336163373832626363343137633131323465353437623130663932353237616530383061383662
31663134623733303063313533636436386238366161386137626133633565613338623335346362
35393335313362363565343865303838396336336661643433303663613830346663613034323265
32643763633736663362356437313037646636653565653538633336323838636131356462363465
62623165373665613266643435346166326631666635303036343631386634383532396364643465
36656131633066326464633865616234616161663939356537323232323133643965393736383861
37623933336339353061643566636539393463393963346134636438663964643533343030306233
32393336383034626233643261666131306137353561323635646262393335653430356362396361
33393565353537363731643731326437663435313061386462653061643766333865616232663261
35386164336661623266333665363132323236633466356533366136666331636334376364633762
65333862343265346161333661623331396131323434393633386631316664623565323234626664
38313133613836313839666464663037323632333165613633656166663461386363643936363266
31333130663266353666643565323632663862616266316438333831383430376530663333646262
64353933633131636238626262363864306530333532356164636461343233333762353530373663
31616338636130366239333762383637313163326265633034656339366265653930633563353133
62353634353466663332643236376262653461613432623238316432346661306438666630646463
38306632346665363437303430306135343038653338633934653261663432303965663234393330
39663061613638623933613439383233396664636162313733313662323538343630326135336539
65623132323632356263363234623332326538623963393334356562383564333961313162643665
65656663666164366130616533633766333533613239306130326532316334616239646533313265
63633862343830386236393738363961316634616136313366383639633431376235323139376662
64313664346530633431383161626338393736303261643235663163323465623938383064373636
38643766666139666435303434616436386132613763323636306234346431383934383034303834
65643566323365633735366237373237383732336232306430646261306333383431626133326464
35333732356537626139336162653133303233326436616364386330633637373562313038366465
63306563366638613165653634353666643334616431373231343263323133653764613262333631
62616232383233343331613232376165303661303230313233323365343338383465393137323737
65363765623334363638313730386336366566366139363639613637626333663931613264616662
35376637316162393833316335663066306664666235366361633235323535383966396238613265
35646236643164636234653132643363643334313964353039626630376338323533633662376536
38616661306533666233353365353433653866396538313138343334653630356236376437666266
39636430666333653930643139356636333637376461323165643733643836636234313539663964
65306337326435336262613731623264363366643962396534336563343234333936656562633738
36326131363333643166393165613232363766663833316537393864346139303265653037376564
33343637613165646565383363363666663939636530623331363564353962316130363563396334
35613132303434373838626664383935303266316334636262383535326562393866393264653132
30616139326166326632306531646132383839303136396131666264633438646232303233636532
64396132333462333664646265353132643634383565313361363939303530323765636364376632
65363438623262653464313933333539343239313139656165653865643637356539303634376264
64353235366335613939623335623638653937383635666232396461323439393837356636323862
35653032383834646265626564326137383063376239363266336336653830666466636436373933
39346162646664663132316162393132626466396561306331376131643232333936356130633236
30366537383462303637353637613431383031326431306431306563343030633033353230393165
65346439393162623635653537613934616434323961613032353238353665633731366331366264
62363136373164623363353130663737613336653532653033613761616239653236363661393630
61646162316332393438363537666637316562616361313230303432613435373537663363326263
65633639343037643739373833613262646136623463393063383238663839663336643938323731
66323663633034623233636539363261333737613930373437643963383266663866653730333266
33353364663639613232393336356661313632623039633932363833396539316131383036343238
33393066623364623235376264653733383434383332623765323639636266613231306431653930
32306234336337666365623537643437393063336333346632323634613432326466356663393237
37613563363137636530386161623164303534363562393665396566636239656464386262383735
35383539353532383530613563636162353664363030366239306661363063663866646561646131
34383763333037396166373666656461336566313331386339316336646338656337643932613836
35383263633234313439313261343664376363346465343163646331636436616563396566663366
32653030353132343332373932323862316236356462623933616631306662336333313365646233
32623965333063383637393536636136366630336630616462613462656334333431656634653430
37383334613066376634393134623266363238653437303365363565643439616434326464666363
323562646635616665356238656135653663
