$ANSIBLE_VAULT;1.1;AES256
63626330323232373333383836323961613438306630386264323865656161613038636365613961
3334383437663135656162343338306638653630373732660a663938303765356630626433306434
36393962343463643634616461316531636461616138313561333265653736373038363538346636
6233323038353831340a633964646233343434396165323432613133356464663936386637613632
33623161653664376365313264373234383030306235353639363063396363393030386532303861
66393164666264386531343233373238353565643463663539356265316565336439306234306237
66326232323164636430343338613261613035323334336632633639366366323337343761343461
30656366313831363962616238326134393833633535356633643864383031656432303433646135
62666438313938613164656532373238636466393537326634313639616234336434323836323866
33313739346130623266616137653331323336663235373933663861396563303333613665346637
64663035386164663534306133623031353636336135646634653664613337386639636266386636
66326637356563333936323463393634393836613831366366656135353464356263373233353562
30313665333236313036313835646161656634366261643366613735383736646638363665363236
32333837356363616430323266303139386264373831626561373964316431313238323031316437
64383761373336336365356338383866643265333031303061643832633462363661653566613036
37383430343135396363336139323734643136393234613464303538646364626130653639313436
30386334303333396336396537383339633237616437626437383764333263653738326664373663
62396339663437366331633661343831333432343263663734643637383832613366353863386337
39376131626434323830336538633464346631346136613662333064323834306538663134333965
35653065343831613338353163636337336261376337643334653338326136313135666364303932
66396439373835303939303364613962353033326437306637623435636336366331613331613432
33343032383563353364636532396338313833653166356131363239323662616463346162346466
33646630373765633134346332653338663164663730616364386331306164323030313930636138
39376265356333313334376338303865373038663635363633643539623830373037346362356664
66633961376639336561653437643736633664336232393164616664633738636634653938383264
66666439396562393837666163343262623962346138633366376464636136306331336332323531
37366334353062623634336139383230643438646637623661313865306430336461363737333531
37626130323965633931663463646566363937653561356134363635653237363165353266653838
64306164306664663163623931373038626133326537316566666165326164323861656532616165
63663731613331643964383633353537313531626135373735363330623861303432363730636337
31653636336665656639656336343662323435653066336266613335393135653033643530623064
65646265626661646237643730653862613335303766343364646234363532353633323839323664
37383266613030646461636533613266663166643165323232663839313166633031613335363761
34633239643532323038316636653337396439613930326132363664383430346165663833333965
31663064373033666238303434323330363534333762623338656339343639613632383961303434
63616231623935643065343439303464333832333834616338363332633930336431383434666135
39326366313563306230366137353966643361643530656564376338303761353038346438363561
64333261393736633461333962383731393266633733666631333337366237346463626231613937
39663665666434383738333838613362646132646139653533333264333337623766396661346238
31323836306564366139623763343833343734656166343738646664396331343234343062323335
33383430623835363865666130363465636338333061333330643965393835363663363439393634
33396635383836343532666432353238323532623632623632616335383436666235323137666464
33383436643735343336393931313637343835616231363231656463623463316131393561376561
65373463613230323734356339623332356237643966353733313138336233396666363338326130
62346139383561353136306131383430396134633262343066326437623166316432626561633864
65383830306162643233643632626230636530626364336565666562623838393962633362353730
36306232303937353266656631616231343663313633303033653965393330626430373030646534
37336539363130333835653137306139313863356336306136613232666231326636303339396536
62366566626264323630393132653138646565613632343864613038656238386237336531336139
36633235353563653938386366333165333461656338373435626332303062336639323930323566
36363835633262366131366333613234636638333363386561343161353932333861373132623466
34333238633539313736393136373565393262396530643362626365316634333835623238383536
37366436326637313166363631333836326364616161303866333264616630383366353962666432
65363435623539363563623932333430363837626130313061303735363162613061646266623762
62663566623434376466653062396337343539376131653838306636393934393262646163623362
30363433346336616239346239343436656132333837386365623936303230343537373266396461
64653538643366623534303165323565353631363136326138356331636366626162613163653163
66336363336366373231336363333561613539373331623639363330373061613761643438623565
34653736383163616163393932313835343739623030303030616163663933356331303965376261
39663836643766346632383239623062323561643137653239663863313331643732356438646636
32356237336566613431313461666334613738383036656539333539333132376366363230626333
32383062626137366136383761316333666462633137383633323334376263376639633766616635
33313563386439626435356630623330616131373130646365376630303761303963396437653830
31363663383461346234616533333835333530373938336263646364623363373238393936393938
37346233306430613162313135323463303365313163353333653130653533326261663764373730
38636338653463333463656633613263356131303238323333646363393533343035626366366366
31633639363830303639353039363139343334373933396430373239646237653030646634353531
30353939316439383437363932633534656631393635373733326664636330313065393237363934
35636666653663373232653164363763653863396539386233646566306135656136383238396162
63323839383931323337396639313532643437643830653862373335653331373739373034643034
31626133636132616564333034663431333135316135333962383561646639346531313133396637
32656135653834636135626235616562323434663730353663623965353737383664363662616433
37323164396236323962643465616535656434663064363262646439356564623366333938613035
33393634333338616364363433336331386233633639303861343438386132356438386535366434
62623063643734336533646538643538633565643566613161663863366136666533316263303532
65633136616638363630663033616462623136313261626461363234333165656437366139303536
30336330353339353432623130353835343636633561316464353366353862616531343534613433
31386433613731356464393463613464396331353130323538313335336236333361383531393966
37656335613639626235343130323136376439653665313133313237653334306432643039336638
64373038333866303839666130323139366330313734623330373436633836623033383132303063
62663261666135326435353535383732373463633834643063353565383961323938336165653432
32373534323461373735666430326538366635613739346532363464386266306166393566363065
63636166393564623238313030653030336332393534623163623930663532636265383235306238
61323835303063373639643633343430386239383962613230393230653566633736313163616665
35656563666539336230376630336432316535303235653265626437363661666664613462306330
36616137306237653734646630373364343934666566373836656135636439346262336665383437
34326339323639386633616264336461643637643036623932646566303431343032386539623762
66303337373465323638393838336362393234653532663836373336386165623931393735626666
36323837653663626465666234313331616365316634303964303065376230323137336435353762
36373438336566613163336530393439373665343739643738383966323864316134306438616662
30353161353862333964313932646363313836643631316361633865383362636335613036343065
66633730656432386564613633363062326365306166313536616563306134653962616361323262
35373339626236613262643738356238396537633164623637633231653732333433363630336535
30376664653632666336653233646463333061343039383034356666653837653030386333313235
63623533343062623334326531643139633433393336353930376233386663666266386130363235
66356233343838376632376436636436353564373031363863333833303964343933643934303135
36656266323539333131356239353038333534613036346338653430613061343566646161353831
39653664336332653435613337636431303365663234663636343838376364656332383333313332
64386265363831623162393831653535346138393334613534326161396335616230303432346335
34356639626164633036373639353565646632663063353038373961323366303531383635303836
63323033633935356166323866356139383633643864343732666161353532366530316231383233
64643561613132363432396438346530646264646432353632363532613733386437303931656535
61323133333938343237646634333633383631306666373431653032663630643766306264656363
39633038313536636664666162646563373038613164313431303462326234373865383762353565
66633563346530656164356163333737646231393938623861333935396531343361346239663262
66623133613930653064396361373232333166623136353233373733643633646530366335636531
31356462313637643631373665663466653938313364313735646431633266333536303064623732
35393339666466366333636362306632313463616465386163633637633335316366316634616631
32323530393462373238643537326230613638313839323863303832636262313966383939656136
63333661326235336366646439356239326239393362306537336431393933633766626631396332
36373863306563373265386539383666363330313237306563623630353636343337613331363564
61336665366266343332303132323965653137326265653638363963326634306562333236623734
30316238366238366533663438363634343131396530656533396435643462366332306136363962
63393337353365363235346539326230383231396339653239396365363563363135663836666263
61643132313964613764316164613433643530643064653061613166343064303132653262616166
34313061333331336131306432303532393262613437643833366338343638346634343238656332
65363233633463303861366438343138383139343564613236383635663265666434313438643636
38636530373766376366383832326335353065663664633035383462366131623766656537646332
36633462303334393764656139623264643262376563353961386162653663373239633566386365
30663761623633626134613463616439646464373662616165633136653739333538616164396665
65383862636163333266343462656666393334663230636433353833306536346633663937373365
39306334636439666334373037626563363533303466663763306264343862336163623934393364
62653064393166636462623738383265353966386664396336343032366565653032656665653664
32663137396662343936383661613831366432366235303436663862386465653235376364303831
32346661376564386132643862316634373261393465376663643062373563366361663165626534
33356662613234656237663337366263643061643662363166643464303965343137356137613262
36613035323637373035633265393334383331336461363163343531613437623262613836356430
37396265356665353563313934633463613139343139646662646230383434653439323361646332
39636564613164623332653733613063626265313630356638313465653736633439353739623966
37366436373032323935333731353833343530323465333936653762386538306232376430623131
63313634303463333434363130343662306563653966353230616138356334656630313136343637
62313633346561316361303461663565366630383761623961383466663733316532653139623430
32366130643065323435663639653731313765646237393961613966616531343366383934653637
37353931346639393331393739356633646665633865373833396365656130626135653035663634
323933363335663462323564393030376537
